[gd_scene load_steps=9 format=3 uid="uid://diqtiala8idx4"]

[ext_resource type="Script" uid="uid://565v3quw7jg" path="res://Scenes/maps/object_water_physic.gd" id="1_8pwl8"]
[ext_resource type="Script" uid="uid://damh1if6vtx3h" path="res://Scenes/maps/water_manager.gd" id="1_acd8e"]
[ext_resource type="Script" uid="uid://damh1if6vtx3h" path="res://Scenes/maps/water_manager.gd" id="1_acd8e"]
[ext_resource type="Material" uid="uid://d3gdd8835alko" path="res://visual_assets/material/new_shader_material.tres" id="1_jl51k"]
[ext_resource type="Material" uid="uid://rkrmamce18j3" path="res://visual_assets/material/new_shader_material2.tres" id="1_s44d5"]
[ext_resource type="PackedScene" uid="uid://lcm3gfxkqw7s" path="res://Scenes/prefabs/player.tscn" id="4_8pwl8"]

[sub_resource type="QuadMesh" id="QuadMesh_tmirq"]
size = Vector2(200, 200)
subdivide_width = 1000
subdivide_depth = 1000
orientation = 1

[sub_resource type="BoxMesh" id="BoxMesh_l2dom"]
size = Vector3(0.345, 0.1, 0.45)

[sub_resource type="ParticleProcessMaterial" id="ParticleProcessMaterial_x4gcw"]
emission_shape_scale = Vector3(1, 10, 1)
emission_shape = 3
emission_box_extents = Vector3(10, 0, 10)
direction = Vector3(0, 0, 5)
initial_velocity_min = 1.0
initial_velocity_max = 10.0
gravity = Vector3(0, 0, 5)

[sub_resource type="PlaneMesh" id="PlaneMesh_1m1ru"]

[sub_resource type="Skin" id="Skin_gsv0x"]

[node name="CustomWaterJustin" type="Node3D"]

[node name="Water" type="MeshInstance3D" parent="."]
material_override = ExtResource("1_s44d5")
cast_shadow = 0
mesh = SubResource("QuadMesh_tmirq")
script = ExtResource("1_acd8e")

[node name="Environment" type="Node3D" parent="."]

[node name="Sun" type="DirectionalLight3D" parent="Environment"]
transform = Transform3D(1, 0, 0, 0, -0.15471, 0.98796, 0, -0.98796, -0.15471, 0, 30, 0)

[node name="Camera3D" type="Camera3D" parent="."]
transform = Transform3D(1, 0, 0, 0, 0.799139, 0.601146, 0, -0.601146, 0.799139, 0, 6.25453, 8.04462)

[node name="GPUParticles3D" type="GPUParticles3D" parent="Camera3D"]
transform = Transform3D(1, 0, 0, 0, 0.799139, -0.601146, 0, 0.601146, 0.799139, 0, 1.12984, -2.87473)
amount = 4
lifetime = 5.53
trail_enabled = true
process_material = SubResource("ParticleProcessMaterial_x4gcw")
draw_pass_1 = SubResource("PlaneMesh_1m1ru")
draw_skin = SubResource("Skin_gsv0x")

[node name="player" parent="." instance=ExtResource("4_8pwl8")]
transform = Transform3D(-0.222484, 0, -0.974936, 0, 1, 0, 0.974936, 0, -0.222484, 0, 5.522, 0)
water_linear_damping = 1.0
